ARMA_MAT_TXT_FN008
22 22
   1.000000000000e+00   9.019786511306e-01   0.000000000000e+00   0.000000000000e+00   0.000000000000e+00   3.524808859889e-01   0.000000000000e+00   0.000000000000e+00   0.000000000000e+00   1.579450275960e-01   0.000000000000e+00   0.000000000000e+00   0.000000000000e+00   7.194213528220e-02   0.000000000000e+00   0.000000000000e+00   0.000000000000e+00   0.000000000000e+00   0.000000000000e+00   0.000000000000e+00   0.000000000000e+00   0.000000000000e+00
   9.019786511306e-01   1.000000000000e+00   0.000000000000e+00   0.000000000000e+00   0.000000000000e+00   4.014863665549e-01   0.000000000000e+00   0.000000000000e+00   0.000000000000e+00   1.702974760105e-01   0.000000000000e+00   0.000000000000e+00   0.000000000000e+00   7.611738684957e-02   0.000000000000e+00   0.000000000000e+00   0.000000000000e+00   0.000000000000e+00   0.000000000000e+00   0.000000000000e+00   0.000000000000e+00   0.000000000000e+00
   0.000000000000e+00   0.000000000000e+00   1.000000000000e+00   0.000000000000e+00   0.000000000000e+00   0.000000000000e+00   6.119923480445e-01   0.000000000000e+00   0.000000000000e+00   0.000000000000e+00   1.971949078096e-01   0.000000000000e+00   0.000000000000e+00   0.000000000000e+00   5.657041005734e-02   0.000000000000e+00   0.000000000000e+00   0.000000000000e+00   0.000000000000e+00   0.000000000000e+00   0.000000000000e+00   0.000000000000e+00
   0.000000000000e+00   0.000000000000e+00   0.000000000000e+00   1.000000000000e+00   0.000000000000e+00   0.000000000000e+00   0.000000000000e+00   6.119923480445e-01   0.000000000000e+00   0.000000000000e+00   0.000000000000e+00   1.971949078096e-01   0.000000000000e+00   0.000000000000e+00   0.000000000000e+00   5.657041005734e-02   0.000000000000e+00   0.000000000000e+00   0.000000000000e+00   0.000000000000e+00   0.000000000000e+00   0.000000000000e+00
   0.000000000000e+00   0.000000000000e+00   0.000000000000e+00   0.000000000000e+00   1.000000000000e+00   0.000000000000e+00   0.000000000000e+00   0.000000000000e+00   6.119923480445e-01   0.000000000000e+00   0.000000000000e+00   0.000000000000e+00   1.971949078096e-01   0.000000000000e+00   0.000000000000e+00   0.000000000000e+00   5.657041005734e-02   0.000000000000e+00   0.000000000000e+00   0.000000000000e+00   0.000000000000e+00   0.000000000000e+00
   3.524808859889e-01   4.014863665549e-01   0.000000000000e+00   0.000000000000e+00   0.000000000000e+00   1.000000000000e+00   0.000000000000e+00   0.000000000000e+00   0.000000000000e+00   7.543153851937e-01   0.000000000000e+00   0.000000000000e+00   0.000000000000e+00   4.176890115920e-01   0.000000000000e+00   0.000000000000e+00   0.000000000000e+00   0.000000000000e+00   0.000000000000e+00   0.000000000000e+00   0.000000000000e+00   0.000000000000e+00
   0.000000000000e+00   0.000000000000e+00   6.119923480445e-01   0.000000000000e+00   0.000000000000e+00   0.000000000000e+00   1.000000000000e+00   0.000000000000e+00   0.000000000000e+00   0.000000000000e+00   6.250598589784e-01   0.000000000000e+00   0.000000000000e+00   0.000000000000e+00   2.333933173537e-01   0.000000000000e+00   0.000000000000e+00   0.000000000000e+00   0.000000000000e+00   0.000000000000e+00   0.000000000000e+00   0.000000000000e+00
   0.000000000000e+00   0.000000000000e+00   0.000000000000e+00   6.119923480445e-01   0.000000000000e+00   0.000000000000e+00   0.000000000000e+00   1.000000000000e+00   0.000000000000e+00   0.000000000000e+00   0.000000000000e+00   6.250598589784e-01   0.000000000000e+00   0.000000000000e+00   0.000000000000e+00   2.333933173537e-01   0.000000000000e+00   0.000000000000e+00   0.000000000000e+00   0.000000000000e+00   0.000000000000e+00   0.000000000000e+00
   0.000000000000e+00   0.000000000000e+00   0.000000000000e+00   0.000000000000e+00   6.119923480445e-01   0.000000000000e+00   0.000000000000e+00   0.000000000000e+00   1.000000000000e+00   0.000000000000e+00   0.000000000000e+00   0.000000000000e+00   6.250598589784e-01   0.000000000000e+00   0.000000000000e+00   0.000000000000e+00   2.333933173537e-01   0.000000000000e+00   0.000000000000e+00   0.000000000000e+00   0.000000000000e+00   0.000000000000e+00
   1.579450275960e-01   1.702974760105e-01   0.000000000000e+00   0.000000000000e+00   0.000000000000e+00   7.543153851937e-01   0.000000000000e+00   0.000000000000e+00   0.000000000000e+00   1.000000000000e+00   0.000000000000e+00   0.000000000000e+00   0.000000000000e+00   8.034172688426e-01   0.000000000000e+00   0.000000000000e+00   0.000000000000e+00   0.000000000000e+00   0.000000000000e+00   0.000000000000e+00   0.000000000000e+00   0.000000000000e+00
   0.000000000000e+00   0.000000000000e+00   1.971949078096e-01   0.000000000000e+00   0.000000000000e+00   0.000000000000e+00   6.250598589784e-01   0.000000000000e+00   0.000000000000e+00   0.000000000000e+00   1.000000000000e+00   0.000000000000e+00   0.000000000000e+00   0.000000000000e+00   6.943342744408e-01   0.000000000000e+00   0.000000000000e+00   0.000000000000e+00   0.000000000000e+00   0.000000000000e+00   0.000000000000e+00   0.000000000000e+00
   0.000000000000e+00   0.000000000000e+00   0.000000000000e+00   1.971949078096e-01   0.000000000000e+00   0.000000000000e+00   0.000000000000e+00   6.250598589784e-01   0.000000000000e+00   0.000000000000e+00   0.000000000000e+00   1.000000000000e+00   0.000000000000e+00   0.000000000000e+00   0.000000000000e+00   6.943342744408e-01   0.000000000000e+00   0.000000000000e+00   0.000000000000e+00   0.000000000000e+00   0.000000000000e+00   0.000000000000e+00
   0.000000000000e+00   0.000000000000e+00   0.000000000000e+00   0.000000000000e+00   1.971949078096e-01   0.000000000000e+00   0.000000000000e+00   0.000000000000e+00   6.250598589784e-01   0.000000000000e+00   0.000000000000e+00   0.000000000000e+00   1.000000000000e+00   0.000000000000e+00   0.000000000000e+00   0.000000000000e+00   6.943342744408e-01   0.000000000000e+00   0.000000000000e+00   0.000000000000e+00   0.000000000000e+00   0.000000000000e+00
   7.194213528220e-02   7.611738684957e-02   0.000000000000e+00   0.000000000000e+00   0.000000000000e+00   4.176890115920e-01   0.000000000000e+00   0.000000000000e+00   0.000000000000e+00   8.034172688426e-01   0.000000000000e+00   0.000000000000e+00   0.000000000000e+00   1.000000000000e+00   0.000000000000e+00   0.000000000000e+00   0.000000000000e+00   0.000000000000e+00   0.000000000000e+00   0.000000000000e+00   0.000000000000e+00   0.000000000000e+00
   0.000000000000e+00   0.000000000000e+00   5.657041005734e-02   0.000000000000e+00   0.000000000000e+00   0.000000000000e+00   2.333933173537e-01   0.000000000000e+00   0.000000000000e+00   0.000000000000e+00   6.943342744408e-01   0.000000000000e+00   0.000000000000e+00   0.000000000000e+00   1.000000000000e+00   0.000000000000e+00   0.000000000000e+00   0.000000000000e+00   0.000000000000e+00   0.000000000000e+00   0.000000000000e+00   0.000000000000e+00
   0.000000000000e+00   0.000000000000e+00   0.000000000000e+00   5.657041005734e-02   0.000000000000e+00   0.000000000000e+00   0.000000000000e+00   2.333933173537e-01   0.000000000000e+00   0.000000000000e+00   0.000000000000e+00   6.943342744408e-01   0.000000000000e+00   0.000000000000e+00   0.000000000000e+00   1.000000000000e+00   0.000000000000e+00   0.000000000000e+00   0.000000000000e+00   0.000000000000e+00   0.000000000000e+00   0.000000000000e+00
   0.000000000000e+00   0.000000000000e+00   0.000000000000e+00   0.000000000000e+00   5.657041005734e-02   0.000000000000e+00   0.000000000000e+00   0.000000000000e+00   2.333933173537e-01   0.000000000000e+00   0.000000000000e+00   0.000000000000e+00   6.943342744408e-01   0.000000000000e+00   0.000000000000e+00   0.000000000000e+00   1.000000000000e+00   0.000000000000e+00   0.000000000000e+00   0.000000000000e+00   0.000000000000e+00   0.000000000000e+00
   0.000000000000e+00   0.000000000000e+00   0.000000000000e+00   0.000000000000e+00   0.000000000000e+00   0.000000000000e+00   0.000000000000e+00   0.000000000000e+00   0.000000000000e+00   0.000000000000e+00   0.000000000000e+00   0.000000000000e+00   0.000000000000e+00   0.000000000000e+00   0.000000000000e+00   0.000000000000e+00   0.000000000000e+00   1.000000000000e+00   0.000000000000e+00   0.000000000000e+00   0.000000000000e+00   0.000000000000e+00
   0.000000000000e+00   0.000000000000e+00   0.000000000000e+00   0.000000000000e+00   0.000000000000e+00   0.000000000000e+00   0.000000000000e+00   0.000000000000e+00   0.000000000000e+00   0.000000000000e+00   0.000000000000e+00   0.000000000000e+00   0.000000000000e+00   0.000000000000e+00   0.000000000000e+00   0.000000000000e+00   0.000000000000e+00   0.000000000000e+00   1.000000000000e+00   0.000000000000e+00   0.000000000000e+00   0.000000000000e+00
   0.000000000000e+00   0.000000000000e+00   0.000000000000e+00   0.000000000000e+00   0.000000000000e+00   0.000000000000e+00   0.000000000000e+00   0.000000000000e+00   0.000000000000e+00   0.000000000000e+00   0.000000000000e+00   0.000000000000e+00   0.000000000000e+00   0.000000000000e+00   0.000000000000e+00   0.000000000000e+00   0.000000000000e+00   0.000000000000e+00   0.000000000000e+00   1.000000000000e+00   0.000000000000e+00   0.000000000000e+00
   0.000000000000e+00   0.000000000000e+00   0.000000000000e+00   0.000000000000e+00   0.000000000000e+00   0.000000000000e+00   0.000000000000e+00   0.000000000000e+00   0.000000000000e+00   0.000000000000e+00   0.000000000000e+00   0.000000000000e+00   0.000000000000e+00   0.000000000000e+00   0.000000000000e+00   0.000000000000e+00   0.000000000000e+00   0.000000000000e+00   0.000000000000e+00   0.000000000000e+00   1.000000000000e+00   0.000000000000e+00
   0.000000000000e+00   0.000000000000e+00   0.000000000000e+00   0.000000000000e+00   0.000000000000e+00   0.000000000000e+00   0.000000000000e+00   0.000000000000e+00   0.000000000000e+00   0.000000000000e+00   0.000000000000e+00   0.000000000000e+00   0.000000000000e+00   0.000000000000e+00   0.000000000000e+00   0.000000000000e+00   0.000000000000e+00   0.000000000000e+00   0.000000000000e+00   0.000000000000e+00   0.000000000000e+00   1.000000000000e+00
