ARMA_MAT_TXT_FN008
22 22
   1.000000000000e+00   8.922742212722e-01   0.000000000000e+00   0.000000000000e+00   0.000000000000e+00   3.442497213243e-01   0.000000000000e+00   0.000000000000e+00   0.000000000000e+00   1.584206203532e-01   0.000000000000e+00   0.000000000000e+00   0.000000000000e+00   7.029132294044e-02   0.000000000000e+00   0.000000000000e+00   0.000000000000e+00   0.000000000000e+00   0.000000000000e+00   0.000000000000e+00   0.000000000000e+00   0.000000000000e+00
   8.922742212722e-01   1.000000000000e+00   0.000000000000e+00   0.000000000000e+00   0.000000000000e+00   4.108773758446e-01   0.000000000000e+00   0.000000000000e+00   0.000000000000e+00   1.798835567673e-01   0.000000000000e+00   0.000000000000e+00   0.000000000000e+00   7.831287365097e-02   0.000000000000e+00   0.000000000000e+00   0.000000000000e+00   0.000000000000e+00   0.000000000000e+00   0.000000000000e+00   0.000000000000e+00   0.000000000000e+00
   0.000000000000e+00   0.000000000000e+00   1.000000000000e+00   0.000000000000e+00   0.000000000000e+00   0.000000000000e+00   6.200058623006e-01   0.000000000000e+00   0.000000000000e+00   0.000000000000e+00   2.097607131090e-01   0.000000000000e+00   0.000000000000e+00   0.000000000000e+00   5.795182426780e-02   0.000000000000e+00   0.000000000000e+00   0.000000000000e+00   0.000000000000e+00   0.000000000000e+00   0.000000000000e+00   0.000000000000e+00
   0.000000000000e+00   0.000000000000e+00   0.000000000000e+00   1.000000000000e+00   0.000000000000e+00   0.000000000000e+00   0.000000000000e+00   6.200058623006e-01   0.000000000000e+00   0.000000000000e+00   0.000000000000e+00   2.097607131090e-01   0.000000000000e+00   0.000000000000e+00   0.000000000000e+00   5.795182426780e-02   0.000000000000e+00   0.000000000000e+00   0.000000000000e+00   0.000000000000e+00   0.000000000000e+00   0.000000000000e+00
   0.000000000000e+00   0.000000000000e+00   0.000000000000e+00   0.000000000000e+00   1.000000000000e+00   0.000000000000e+00   0.000000000000e+00   0.000000000000e+00   6.200058623006e-01   0.000000000000e+00   0.000000000000e+00   0.000000000000e+00   2.097607131090e-01   0.000000000000e+00   0.000000000000e+00   0.000000000000e+00   5.795182426780e-02   0.000000000000e+00   0.000000000000e+00   0.000000000000e+00   0.000000000000e+00   0.000000000000e+00
   3.442497213243e-01   4.108773758446e-01   0.000000000000e+00   0.000000000000e+00   0.000000000000e+00   1.000000000000e+00   0.000000000000e+00   0.000000000000e+00   0.000000000000e+00   7.668473393371e-01   0.000000000000e+00   0.000000000000e+00   0.000000000000e+00   4.180169191761e-01   0.000000000000e+00   0.000000000000e+00   0.000000000000e+00   0.000000000000e+00   0.000000000000e+00   0.000000000000e+00   0.000000000000e+00   0.000000000000e+00
   0.000000000000e+00   0.000000000000e+00   6.200058623006e-01   0.000000000000e+00   0.000000000000e+00   0.000000000000e+00   1.000000000000e+00   0.000000000000e+00   0.000000000000e+00   0.000000000000e+00   6.424631042506e-01   0.000000000000e+00   0.000000000000e+00   0.000000000000e+00   2.336987737340e-01   0.000000000000e+00   0.000000000000e+00   0.000000000000e+00   0.000000000000e+00   0.000000000000e+00   0.000000000000e+00   0.000000000000e+00
   0.000000000000e+00   0.000000000000e+00   0.000000000000e+00   6.200058623006e-01   0.000000000000e+00   0.000000000000e+00   0.000000000000e+00   1.000000000000e+00   0.000000000000e+00   0.000000000000e+00   0.000000000000e+00   6.424631042506e-01   0.000000000000e+00   0.000000000000e+00   0.000000000000e+00   2.336987737340e-01   0.000000000000e+00   0.000000000000e+00   0.000000000000e+00   0.000000000000e+00   0.000000000000e+00   0.000000000000e+00
   0.000000000000e+00   0.000000000000e+00   0.000000000000e+00   0.000000000000e+00   6.200058623006e-01   0.000000000000e+00   0.000000000000e+00   0.000000000000e+00   1.000000000000e+00   0.000000000000e+00   0.000000000000e+00   0.000000000000e+00   6.424631042506e-01   0.000000000000e+00   0.000000000000e+00   0.000000000000e+00   2.336987737340e-01   0.000000000000e+00   0.000000000000e+00   0.000000000000e+00   0.000000000000e+00   0.000000000000e+00
   1.584206203532e-01   1.798835567673e-01   0.000000000000e+00   0.000000000000e+00   0.000000000000e+00   7.668473393371e-01   0.000000000000e+00   0.000000000000e+00   0.000000000000e+00   1.000000000000e+00   0.000000000000e+00   0.000000000000e+00   0.000000000000e+00   7.916752590308e-01   0.000000000000e+00   0.000000000000e+00   0.000000000000e+00   0.000000000000e+00   0.000000000000e+00   0.000000000000e+00   0.000000000000e+00   0.000000000000e+00
   0.000000000000e+00   0.000000000000e+00   2.097607131090e-01   0.000000000000e+00   0.000000000000e+00   0.000000000000e+00   6.424631042506e-01   0.000000000000e+00   0.000000000000e+00   0.000000000000e+00   1.000000000000e+00   0.000000000000e+00   0.000000000000e+00   0.000000000000e+00   6.775038820965e-01   0.000000000000e+00   0.000000000000e+00   0.000000000000e+00   0.000000000000e+00   0.000000000000e+00   0.000000000000e+00   0.000000000000e+00
   0.000000000000e+00   0.000000000000e+00   0.000000000000e+00   2.097607131090e-01   0.000000000000e+00   0.000000000000e+00   0.000000000000e+00   6.424631042506e-01   0.000000000000e+00   0.000000000000e+00   0.000000000000e+00   1.000000000000e+00   0.000000000000e+00   0.000000000000e+00   0.000000000000e+00   6.775038820965e-01   0.000000000000e+00   0.000000000000e+00   0.000000000000e+00   0.000000000000e+00   0.000000000000e+00   0.000000000000e+00
   0.000000000000e+00   0.000000000000e+00   0.000000000000e+00   0.000000000000e+00   2.097607131090e-01   0.000000000000e+00   0.000000000000e+00   0.000000000000e+00   6.424631042506e-01   0.000000000000e+00   0.000000000000e+00   0.000000000000e+00   1.000000000000e+00   0.000000000000e+00   0.000000000000e+00   0.000000000000e+00   6.775038820965e-01   0.000000000000e+00   0.000000000000e+00   0.000000000000e+00   0.000000000000e+00   0.000000000000e+00
   7.029132294044e-02   7.831287365097e-02   0.000000000000e+00   0.000000000000e+00   0.000000000000e+00   4.180169191761e-01   0.000000000000e+00   0.000000000000e+00   0.000000000000e+00   7.916752590308e-01   0.000000000000e+00   0.000000000000e+00   0.000000000000e+00   1.000000000000e+00   0.000000000000e+00   0.000000000000e+00   0.000000000000e+00   0.000000000000e+00   0.000000000000e+00   0.000000000000e+00   0.000000000000e+00   0.000000000000e+00
   0.000000000000e+00   0.000000000000e+00   5.795182426780e-02   0.000000000000e+00   0.000000000000e+00   0.000000000000e+00   2.336987737340e-01   0.000000000000e+00   0.000000000000e+00   0.000000000000e+00   6.775038820965e-01   0.000000000000e+00   0.000000000000e+00   0.000000000000e+00   1.000000000000e+00   0.000000000000e+00   0.000000000000e+00   0.000000000000e+00   0.000000000000e+00   0.000000000000e+00   0.000000000000e+00   0.000000000000e+00
   0.000000000000e+00   0.000000000000e+00   0.000000000000e+00   5.795182426780e-02   0.000000000000e+00   0.000000000000e+00   0.000000000000e+00   2.336987737340e-01   0.000000000000e+00   0.000000000000e+00   0.000000000000e+00   6.775038820965e-01   0.000000000000e+00   0.000000000000e+00   0.000000000000e+00   1.000000000000e+00   0.000000000000e+00   0.000000000000e+00   0.000000000000e+00   0.000000000000e+00   0.000000000000e+00   0.000000000000e+00
   0.000000000000e+00   0.000000000000e+00   0.000000000000e+00   0.000000000000e+00   5.795182426780e-02   0.000000000000e+00   0.000000000000e+00   0.000000000000e+00   2.336987737340e-01   0.000000000000e+00   0.000000000000e+00   0.000000000000e+00   6.775038820965e-01   0.000000000000e+00   0.000000000000e+00   0.000000000000e+00   1.000000000000e+00   0.000000000000e+00   0.000000000000e+00   0.000000000000e+00   0.000000000000e+00   0.000000000000e+00
   0.000000000000e+00   0.000000000000e+00   0.000000000000e+00   0.000000000000e+00   0.000000000000e+00   0.000000000000e+00   0.000000000000e+00   0.000000000000e+00   0.000000000000e+00   0.000000000000e+00   0.000000000000e+00   0.000000000000e+00   0.000000000000e+00   0.000000000000e+00   0.000000000000e+00   0.000000000000e+00   0.000000000000e+00   1.000000000000e+00   0.000000000000e+00   0.000000000000e+00   0.000000000000e+00   0.000000000000e+00
   0.000000000000e+00   0.000000000000e+00   0.000000000000e+00   0.000000000000e+00   0.000000000000e+00   0.000000000000e+00   0.000000000000e+00   0.000000000000e+00   0.000000000000e+00   0.000000000000e+00   0.000000000000e+00   0.000000000000e+00   0.000000000000e+00   0.000000000000e+00   0.000000000000e+00   0.000000000000e+00   0.000000000000e+00   0.000000000000e+00   1.000000000000e+00   0.000000000000e+00   0.000000000000e+00   0.000000000000e+00
   0.000000000000e+00   0.000000000000e+00   0.000000000000e+00   0.000000000000e+00   0.000000000000e+00   0.000000000000e+00   0.000000000000e+00   0.000000000000e+00   0.000000000000e+00   0.000000000000e+00   0.000000000000e+00   0.000000000000e+00   0.000000000000e+00   0.000000000000e+00   0.000000000000e+00   0.000000000000e+00   0.000000000000e+00   0.000000000000e+00   0.000000000000e+00   1.000000000000e+00   0.000000000000e+00   0.000000000000e+00
   0.000000000000e+00   0.000000000000e+00   0.000000000000e+00   0.000000000000e+00   0.000000000000e+00   0.000000000000e+00   0.000000000000e+00   0.000000000000e+00   0.000000000000e+00   0.000000000000e+00   0.000000000000e+00   0.000000000000e+00   0.000000000000e+00   0.000000000000e+00   0.000000000000e+00   0.000000000000e+00   0.000000000000e+00   0.000000000000e+00   0.000000000000e+00   0.000000000000e+00   1.000000000000e+00   0.000000000000e+00
   0.000000000000e+00   0.000000000000e+00   0.000000000000e+00   0.000000000000e+00   0.000000000000e+00   0.000000000000e+00   0.000000000000e+00   0.000000000000e+00   0.000000000000e+00   0.000000000000e+00   0.000000000000e+00   0.000000000000e+00   0.000000000000e+00   0.000000000000e+00   0.000000000000e+00   0.000000000000e+00   0.000000000000e+00   0.000000000000e+00   0.000000000000e+00   0.000000000000e+00   0.000000000000e+00   1.000000000000e+00
